[loader] nq_1min_2022_2025.csv: 1,048,575 filas, 2022-12-26 18:00:00 -> 2025-12-11 20:51:00. Top minutos {'09:30': 28.12, '08:30': 27.51, '10:00': 26.79}. Duplicados 0. OK
                       n      R     ee      p    inv   2023   2024   2025  R_paseo  z_exc_paseo
BASE               495.0 -0.011  0.060  0.569 -0.063 -0.085  0.038  0.024    0.049       -0.838
F1_caja_peq        266.0 -0.027  0.090  0.618  0.013 -0.155  0.088 -0.024    0.076       -0.968
F2_caja_grande     215.0  0.005  0.078  0.476 -0.158 -0.045 -0.022  0.090    0.007       -0.027
F3_barr_pre930     268.0  0.060  0.090  0.251 -0.142 -0.084  0.198  0.059    0.065       -0.052
F4_barr_post930    227.0 -0.094  0.077  0.887  0.031 -0.086 -0.184 -0.016    0.025       -1.317
F5_con_sesgo       173.0 -0.183  0.086  0.983 -0.051 -0.362 -0.035 -0.160    0.052       -2.363
F6_contra_sesgo    299.0  0.092  0.084  0.135 -0.074  0.112  0.046  0.137    0.037        0.591
F7_fusion_momento   72.0 -0.042  0.148  0.611  0.013 -0.421  0.267  0.018   -0.022       -0.125
F8_macro           174.0 -0.010  0.096  0.540 -0.027  0.065 -0.032 -0.096    0.050       -0.592
F9_no_macro        321.0 -0.011  0.077  0.557 -0.083 -0.184  0.081  0.071    0.042       -0.464
F10_barr_corto     175.0 -0.217  0.110  0.975 -0.097 -0.291 -0.142 -0.225    0.106       -2.549
F11_barr_largo     320.0  0.102  0.070  0.073 -0.044  0.014  0.141  0.178    0.013        1.143

Placebo de dirección (1000 reps, sorteo compartido): mejor=F11_barr_largo R=0.102 | máx nulo 0.084 ± 0.071 | 0.27σ | p=0.361
Bonferroni: p umbral = 0.0042
